      0/79     8.29G   0.06245   0.01313         0   0.07558        33       640    0.3599    0.4199    0.3466    0.1445   0.07637  0.007956         0
      1/79     13.7G   0.05804   0.01012         0   0.06817        20       640    0.3958    0.3894    0.3401     0.152   0.08836  0.006935         0
      2/79     13.7G   0.05678  0.009755         0   0.06654        20       640    0.4114    0.4074    0.3254    0.1549   0.09457  0.006565         0
      3/79     13.7G      0.06   0.01008         0   0.07008        41       640    0.1674    0.3499     0.105   0.04756   0.09576  0.007414         0
      4/79     13.7G   0.05981  0.009641         0   0.06945        29       640   0.01779   0.02822  0.004034  0.000853    0.1016  0.009887         0
      5/79     13.7G   0.06129  0.009834         0   0.07113        13       640    0.1825    0.2664    0.1083   0.03273    0.0981  0.006586         0
      6/79     13.7G   0.06091  0.009895         0   0.07081        30       640    0.3135    0.3556    0.2273   0.09005   0.08497  0.006636         0
      7/79     13.7G    0.0588  0.009556         0   0.06836        17       640    0.3061    0.3284    0.2106   0.08468   0.08816  0.006673         0
      8/79     13.7G   0.05699  0.009793         0   0.06678        21       640     0.232    0.4221    0.2015   0.07124   0.08789  0.006803         0
      9/79     13.7G   0.05662  0.009501         0   0.06612        14       640    0.2458    0.3883    0.2193    0.0943   0.08524  0.006463         0
     10/79     13.7G   0.05438   0.00934         0   0.06372        32       640    0.5575    0.4424    0.4644    0.2561   0.09742  0.005816         0
     11/79     13.7G   0.05535  0.009325         0   0.06467        23       640    0.4013    0.3544    0.3022    0.1335    0.1047  0.006298         0
     12/79     13.7G   0.05338  0.009396         0   0.06278        26       640    0.5927    0.4323    0.4561    0.2224    0.0983  0.005863         0
     13/79     13.7G    0.0537  0.009133         0   0.06284        13       640    0.5718    0.4684    0.4899     0.272   0.09589  0.005845         0
     14/79     13.7G   0.05274  0.009221         0   0.06196        31       640    0.5956    0.4526    0.4727    0.2567   0.09193  0.005936         0
     15/79     13.7G   0.05253  0.009335         0   0.06186        22       640      0.42    0.4695    0.4152    0.2181   0.09032  0.006178         0
     16/79     13.7G   0.05165  0.009167         0   0.06082        23       640    0.6643    0.4955    0.5546    0.3365   0.08818  0.005829         0
     17/79     13.7G   0.05179  0.009112         0    0.0609        21       640    0.6927    0.3589    0.4618    0.2768   0.08791  0.005956         0
     18/79     13.7G   0.05192  0.009074         0     0.061        17       640     0.675    0.5011    0.5737    0.3495   0.08628  0.005872         0
     19/79     13.7G   0.05056  0.008869         0   0.05943        21       640    0.6642    0.4933    0.5548    0.3223   0.08899  0.005778         0
     20/79     13.7G   0.05038  0.008832         0   0.05921        23       640    0.5335    0.4097    0.4501    0.2351   0.08397  0.006183         0
     21/79     13.7G   0.05107   0.00914         0   0.06021        24       640    0.7113    0.4842     0.566    0.3478   0.08446  0.005903         0
     22/79     13.7G   0.05112  0.008757         0   0.05987        22       640    0.5452    0.4478    0.4756     0.288   0.09024  0.005913         0
     23/79     13.7G   0.04848  0.009063         0   0.05755        17       640    0.5564    0.4871     0.491    0.2775   0.08923  0.006072         0
     24/79     13.7G   0.04871  0.008917         0   0.05762        28       640    0.6566    0.5202    0.5907    0.3541   0.08705  0.005771         0
     25/79     13.7G   0.04956  0.008942         0    0.0585        21       640    0.6976    0.5418    0.6079    0.3689   0.08776  0.005696         0
     26/79     13.7G   0.05011  0.008923         0   0.05904        19       640    0.7034     0.553    0.6176    0.3712   0.08312  0.005678         0
     27/79     13.7G   0.04911  0.008701         0   0.05781        17       640    0.6701    0.5576    0.6016    0.3554   0.08376  0.005615         0
     28/79     13.7G   0.04891  0.008843         0   0.05775        35       640    0.6971    0.5248     0.608    0.3836   0.08676  0.005525         0
     29/79     13.7G   0.05017  0.008712         0   0.05888        21       640     0.646    0.5339    0.5596    0.3364   0.08449   0.00584         0
     30/79     13.7G   0.04908  0.008688         0   0.05777        27       640    0.6778    0.5722    0.6274    0.3693   0.08296   0.00569         0
     31/79     13.7G   0.04917   0.00877         0   0.05794        34       640    0.6996    0.5587    0.6403    0.4026   0.08326  0.005623         0
     32/79     13.7G   0.04895  0.008545         0    0.0575        27       640    0.7567    0.5405    0.6514    0.4052   0.08155  0.005577         0
     33/79     13.7G   0.04746  0.008612         0   0.05607        15       640    0.6872    0.5587    0.6306    0.3994   0.08211  0.005625         0
     34/79     13.7G   0.04744    0.0086         0   0.05604        32       640    0.6628    0.5632    0.6283    0.3947   0.08626  0.005573         0
     35/79     13.7G   0.04906  0.008501         0   0.05756        13       640    0.6745    0.5587    0.6383    0.3994   0.08141  0.005644         0
     36/79     13.7G   0.04523  0.008329         0   0.05356        19       640    0.6735    0.5767    0.6474    0.3939    0.0879  0.005304         0
     37/79     13.7G   0.04592  0.008432         0   0.05435        29       640    0.7769    0.5971    0.6999    0.4441   0.08921  0.005398         0
     38/79     13.7G   0.04479  0.008563         0   0.05335        26       640    0.7149    0.6467    0.7013    0.4566   0.08622   0.00522         0
     39/79     13.7G   0.04656  0.008362         0   0.05492        30       640    0.7144    0.6016    0.6865    0.4448   0.08392  0.005385         0
     40/79     13.7G   0.04742  0.008489         0   0.05591        18       640    0.7777    0.5688    0.6733    0.4337   0.07545  0.005677         0
     41/79     13.7G   0.04636  0.008455         0   0.05482        18       640    0.7112    0.6208     0.678    0.4281   0.07634  0.005676         0
     42/79     13.7G   0.04608  0.008428         0    0.0545        16       640    0.7421    0.6242    0.7079    0.4547    0.0792  0.005546         0
     43/79     13.7G   0.04606  0.008459         0   0.05452        26       640    0.7979    0.5937    0.7145    0.4666   0.07898  0.005511         0
     44/79     13.7G   0.04402   0.00851         0   0.05253        16       640    0.7351    0.6366    0.7243    0.4604   0.07901  0.005437         0
     45/79     13.7G   0.04389  0.008176         0   0.05206        21       640    0.7148      0.64     0.709    0.4636   0.08234  0.005376         0
     46/79     13.7G   0.04506  0.008232         0   0.05329        22       640    0.7272    0.6499    0.7232    0.4641   0.07831  0.005513         0
     47/79     13.7G    0.0448  0.008278         0   0.05308        28       640    0.7674    0.6444    0.7328    0.4679   0.07742  0.005501         0
     48/79     13.7G   0.04538  0.008249         0   0.05363        24       640    0.8121    0.5902    0.7117    0.4648   0.07831    0.0055         0
     49/79     13.7G   0.04445  0.008464         0   0.05291        27       640    0.7648    0.6569    0.7353    0.4861   0.08022  0.005295         0
     50/79     13.7G   0.04367  0.008059         0   0.05172        30       640    0.7849    0.6648     0.739    0.4835   0.08026  0.005327         0
     51/79     13.7G   0.04327  0.007996         0   0.05127        19       640    0.7366    0.6848    0.7392     0.491   0.07791  0.005292         0
     52/79     13.7G   0.04374  0.008061         0    0.0518        13       640    0.7462    0.6625    0.7355    0.4892    0.0777  0.005372         0
     53/79     13.7G   0.04287  0.008137         0   0.05101        25       640    0.8127    0.6275    0.7446    0.4973   0.07916  0.005353         0
     54/79     13.7G   0.04297  0.008188         0   0.05116        24       640    0.7989    0.6546     0.745    0.4961   0.07873  0.005269         0
     55/79     13.7G   0.04236  0.008141         0    0.0505        20       640    0.7819    0.6757    0.7571    0.4993   0.07885  0.005408         0
     56/79     13.7G   0.04099  0.008188         0   0.04918        25       640    0.8038    0.6524    0.7559     0.502   0.07832  0.005321         0
     57/79     13.7G   0.04125  0.008007         0   0.04926        23       640    0.8717    0.6321    0.7695    0.5198   0.07887  0.005254         0
     58/79     13.7G   0.04083  0.008105         0   0.04894        17       640    0.7854     0.694    0.7637     0.517   0.07914  0.005375         0
     59/79     13.7G   0.04055  0.007851         0    0.0484        19       640    0.7891     0.693    0.7733    0.5186   0.07667  0.005328         0
     60/79     13.7G   0.03979  0.007965         0   0.04776        19       640    0.7965    0.6716    0.7608    0.5196     0.079  0.005277         0
     61/79     13.7G   0.04165  0.007818         0   0.04947        12       640       0.8    0.6591    0.7584    0.5132   0.07922  0.005269         0
     62/79     13.7G   0.03989  0.008041         0   0.04793        28       640    0.8439    0.6653    0.7713    0.5278   0.07909  0.005236         0
     63/79     13.7G   0.04133  0.007899         0   0.04923        19       640    0.8238    0.6756    0.7802    0.5313   0.07799  0.005219         0
     64/79     13.7G   0.04033   0.00805         0   0.04838        22       640    0.8149    0.6858    0.7769    0.5232   0.07814   0.00527         0
     65/79     13.7G   0.03877  0.007789         0   0.04656        26       640    0.8457    0.6804    0.7858    0.5361   0.07762   0.00523         0
     66/79     13.7G   0.03831  0.007886         0   0.04619        29       640    0.8511     0.684    0.7916    0.5421   0.07785  0.005231         0
     67/79     13.7G   0.03971  0.007914         0   0.04762        38       640    0.8252    0.6659    0.7788     0.531    0.0757  0.005276         0
     68/79     13.7G   0.04014  0.007781         0   0.04792        32       640     0.839    0.7077    0.7992    0.5455   0.07733  0.005186         0
     69/79     13.7G   0.04001  0.008022         0   0.04803        22       640    0.8099    0.7164    0.7994    0.5439   0.07549  0.005203         0
     70/79     13.7G   0.03858  0.007899         0   0.04648        21       640    0.8028    0.7306    0.8034    0.5501   0.07647  0.005201         0
     71/79     13.7G   0.03959  0.007708         0    0.0473        22       640    0.8093    0.7178    0.7933    0.5463   0.07632  0.005214         0
     72/79     13.7G   0.03919  0.007838         0   0.04703        25       640    0.8448     0.694    0.7971    0.5459   0.07467  0.005212         0
     73/79     13.7G   0.03976  0.007796         0   0.04755        20       640    0.8209     0.714    0.7988    0.5529   0.07638  0.005096         0
     74/79     13.7G   0.03749  0.007828         0   0.04532        18       640    0.8451    0.7142    0.8036    0.5588   0.07626   0.00509         0
     75/79     13.7G   0.03875  0.007601         0   0.04635        22       640    0.8436    0.7065    0.8014    0.5538   0.07563  0.005174         0
     76/79     13.7G   0.03844  0.007665         0   0.04611        28       640    0.8449    0.7069    0.8072    0.5565   0.07568  0.005107         0
     77/79     13.7G   0.03839  0.007925         0   0.04631        30       640    0.8447    0.7122     0.807     0.557   0.07455  0.005174         0
     78/79     13.7G    0.0384  0.007567         0   0.04597        20       640    0.8286      0.72    0.8058     0.554   0.07512  0.005159         0
     79/79     13.7G   0.03748  0.007579         0   0.04506        19       640    0.8382    0.7253    0.8043    0.5595   0.07574   0.00515         0
